0.00000E+0,6.36399E-7,7.21557E-7,9.35650E-7,1.20253E-6,1.55332E-6,2.01519E-6,2.58617E-6
5.05051E-2,1.60279E-5,2.08774E-5,2.71572E-5,3.53809E-5,4.59812E-5,5.97890E-5,7.79237E-5
1.01010E-1,1.86124E-5,2.43039E-5,3.16600E-5,4.13427E-5,5.38407E-5,7.01545E-5,9.16555E-5
1.51515E-1,1.92734E-5,2.52070E-5,3.28776E-5,4.29831E-5,5.60490E-5,7.31275E-5,9.56758E-5
2.02020E-1,1.96116E-5,2.56682E-5,3.35121E-5,4.38560E-5,5.72354E-5,7.47532E-5,9.79009E-5
2.52525E-1,1.98687E-5,2.60238E-5,3.39958E-5,4.45122E-5,5.81311E-5,7.59923E-5,9.95996E-5
3.03030E-1,2.00826E-5,2.63226E-5,3.43977E-5,4.50634E-5,5.88939E-5,7.70348E-5,1.01021E-4
3.53535E-1,2.02736E-5,2.65805E-5,3.47496E-5,4.55453E-5,5.95526E-5,7.79146E-5,1.02250E-4
4.04040E-1,2.04413E-5,2.68120E-5,3.50602E-5,4.59794E-5,6.01341E-5,7.87070E-5,1.03325E-4
4.54545E-1,2.05940E-5,2.70193E-5,3.53465E-5,4.63532E-5,6.06648E-5,7.94288E-5,1.04293E-4
5.05051E-1,2.07308E-5,2.72074E-5,3.56028E-5,4.67099E-5,6.11364E-5,8.00742E-5,1.05171E-4
5.55556E-1,2.08594E-5,2.73793E-5,3.58356E-5,4.70301E-5,6.15688E-5,8.06485E-5,1.05961E-4
6.06061E-1,2.09782E-5,2.75408E-5,3.60565E-5,4.73249E-5,6.19801E-5,8.12009E-5,1.06701E-4
6.56566E-1,2.10895E-5,2.76858E-5,3.62611E-5,4.76041E-5,6.23549E-5,8.17165E-5,1.07387E-4
7.07071E-1,2.11952E-5,2.78310E-5,3.64575E-5,4.78649E-5,6.27020E-5,8.21886E-5,1.08022E-4
7.57576E-1,2.12915E-5,2.79630E-5,3.66387E-5,4.81099E-5,6.30363E-5,8.26423E-5,1.08639E-4
8.08081E-1,2.13869E-5,2.80891E-5,3.68103E-5,4.83438E-5,6.33443E-5,8.30666E-5,1.09203E-4
8.58586E-1,2.14763E-5,2.82094E-5,3.69739E-5,4.85643E-5,6.36406E-5,8.34713E-5,1.09743E-4
9.09091E-1,2.15585E-5,2.83268E-5,3.71258E-5,4.87743E-5,6.39323E-5,8.38604E-5,1.10273E-4
9.59596E-1,2.16422E-5,2.84327E-5,3.72708E-5,4.89761E-5,6.41960E-5,8.42308E-5,1.10755E-4
1.01010E+0,2.17215E-5,2.85395E-5,3.74177E-5,4.91694E-5,6.44607E-5,8.45819E-5,1.11238E-4
1.06061E+0,2.17981E-5,2.86460E-5,3.75539E-5,4.93561E-5,6.47167E-5,8.49346E-5,1.11699E-4
1.11111E+0,2.18723E-5,2.87457E-5,3.76900E-5,4.95336E-5,6.49611E-5,8.52610E-5,1.12143E-4
1.16162E+0,2.19433E-5,2.88408E-5,3.78168E-5,4.97134E-5,6.51955E-5,8.55719E-5,1.12578E-4
1.21212E+0,2.20142E-5,2.89279E-5,3.79436E-5,4.98796E-5,6.54247E-5,8.58924E-5,1.12991E-4
1.26263E+0,2.20800E-5,2.90139E-5,3.80625E-5,5.00548E-5,6.56472E-5,8.61728E-5,1.13401E-4
1.31313E+0,2.21435E-5,2.91029E-5,3.81760E-5,5.02144E-5,6.58558E-5,8.64617E-5,1.13775E-4
1.36364E+0,2.22068E-5,2.91899E-5,3.82858E-5,5.03614E-5,6.60691E-5,8.67386E-5,1.14155E-4
1.41414E+0,2.22691E-5,2.92695E-5,3.83993E-5,5.05120E-5,6.62737E-5,8.70218E-5,1.14519E-4
1.46465E+0,2.23281E-5,2.93502E-5,3.85094E-5,5.06587E-5,6.64662E-5,8.72811E-5,1.14889E-4
1.51515E+0,2.23834E-5,2.94272E-5,3.86186E-5,5.08061E-5,6.66592E-5,8.75344E-5,1.15242E-4
1.56566E+0,2.24409E-5,2.95091E-5,3.87200E-5,5.09464E-5,6.68511E-5,8.77779E-5,1.15586E-4
1.61616E+0,2.24953E-5,2.95838E-5,3.88226E-5,5.10852E-5,6.70315E-5,8.80204E-5,1.15902E-4
1.66667E+0,2.25497E-5,2.96577E-5,3.89205E-5,5.12160E-5,6.72173E-5,8.82726E-5,1.16232E-4
1.71717E+0,2.26038E-5,2.97312E-5,3.90174E-5,5.13435E-5,6.73964E-5,8.85002E-5,1.16546E-4
1.76768E+0,2.26550E-5,2.97988E-5,3.91171E-5,5.14725E-5,6.75631E-5,8.87300E-5,1.16865E-4
1.81818E+0,2.27087E-5,2.98724E-5,3.92090E-5,5.15995E-5,6.77302E-5,8.89597E-5,1.17162E-4
1.86869E+0,2.27567E-5,2.99409E-5,3.93000E-5,5.17244E-5,6.78924E-5,8.91774E-5,1.17462E-4
1.91919E+0,2.28057E-5,3.00074E-5,3.93883E-5,5.18444E-5,6.80536E-5,8.93981E-5,1.17745E-4
1.96970E+0,2.28558E-5,3.00669E-5,3.94748E-5,5.19577E-5,6.82155E-5,8.96176E-5,1.18027E-4
2.02020E+0,2.29031E-5,3.01304E-5,3.95578E-5,5.20734E-5,6.83719E-5,8.98285E-5,1.18302E-4
2.07071E+0,2.29511E-5,3.01945E-5,3.96420E-5,5.21801E-5,6.85208E-5,9.00290E-5,1.18579E-4
2.12121E+0,2.29952E-5,3.02527E-5,3.97261E-5,5.22912E-5,6.86682E-5,9.02321E-5,1.18859E-4
2.17172E+0,2.30422E-5,3.03125E-5,3.98114E-5,5.23969E-5,6.88092E-5,9.04215E-5,1.19122E-4
2.22222E+0,2.30855E-5,3.03736E-5,3.98884E-5,5.25010E-5,6.89635E-5,9.06288E-5,1.19386E-4
2.27273E+0,2.31292E-5,3.04328E-5,3.99663E-5,5.26086E-5,6.91025E-5,9.08200E-5,1.19647E-4
2.32323E+0,2.31705E-5,3.04918E-5,4.00432E-5,5.27167E-5,6.92411E-5,9.10245E-5,1.19903E-4
2.37374E+0,2.32124E-5,3.05528E-5,4.01224E-5,5.28191E-5,6.93819E-5,9.12079E-5,1.20161E-4
2.42424E+0,2.32541E-5,3.06079E-5,4.01904E-5,5.29265E-5,6.95162E-5,9.13832E-5,1.20409E-4
2.47475E+0,2.32960E-5,3.06640E-5,4.02583E-5,5.30259E-5,6.96511E-5,9.15722E-5,1.20647E-4
2.52525E+0,2.33332E-5,3.07193E-5,4.03332E-5,5.31268E-5,6.97829E-5,9.17511E-5,1.20897E-4
2.57576E+0,2.33727E-5,3.07721E-5,4.04066E-5,5.32125E-5,6.99144E-5,9.19219E-5,1.21109E-4
2.62626E+0,2.34129E-5,3.08228E-5,4.04784E-5,5.33102E-5,7.00398E-5,9.20934E-5,1.21344E-4
2.67677E+0,2.34511E-5,3.08781E-5,4.05462E-5,5.34114E-5,7.01673E-5,9.22537E-5,1.21564E-4
2.72727E+0,2.34868E-5,3.09290E-5,4.06123E-5,5.34969E-5,7.02890E-5,9.24217E-5,1.21781E-4
2.77778E+0,2.35270E-5,3.09757E-5,4.06847E-5,5.35826E-5,7.04104E-5,9.25892E-5,1.22010E-4
2.82828E+0,2.35625E-5,3.10267E-5,4.07515E-5,5.36730E-5,7.05301E-5,9.27444E-5,1.22230E-4
2.87879E+0,2.35996E-5,3.10737E-5,4.08200E-5,5.37567E-5,7.06402E-5,9.28988E-5,1.22446E-4
2.92929E+0,2.36359E-5,3.11254E-5,4.08790E-5,5.38404E-5,7.07549E-5,9.30588E-5,1.22650E-4
2.97980E+0,2.36709E-5,3.11725E-5,4.09405E-5,5.39257E-5,7.08763E-5,9.32085E-5,1.22852E-4
3.03030E+0,2.37054E-5,3.12194E-5,4.10021E-5,5.40076E-5,7.09915E-5,9.33631E-5,1.23052E-4
3.08081E+0,2.37376E-5,3.12646E-5,4.10606E-5,5.40843E-5,7.10965E-5,9.35153E-5,1.23254E-4
3.13131E+0,2.37684E-5,3.13084E-5,4.11211E-5,5.41655E-5,7.12066E-5,9.36579E-5,1.23462E-4
3.18182E+0,2.38022E-5,3.13493E-5,4.11870E-5,5.42454E-5,7.13153E-5,9.37986E-5,1.23664E-4
3.23232E+0,2.38377E-5,3.13947E-5,4.12434E-5,5.43327E-5,7.14244E-5,9.39520E-5,1.23860E-4
3.28283E+0,2.38685E-5,3.14383E-5,4.13119E-5,5.44015E-5,7.15265E-5,9.40954E-5,1.24040E-4
3.33333E+0,2.39032E-5,3.14838E-5,4.13649E-5,5.44724E-5,7.16287E-5,9.42259E-5,1.24222E-4
3.38384E+0,2.39307E-5,3.15216E-5,4.14241E-5,5.45488E-5,7.17381E-5,9.43633E-5,1.24416E-4
3.43434E+0,2.39629E-5,3.15664E-5,4.14746E-5,5.46302E-5,7.18220E-5,9.44858E-5,1.24606E-4
3.48485E+0,2.39939E-5,3.16042E-5,4.15262E-5,5.47047E-5,7.19146E-5,9.46357E-5,1.24785E-4
3.53535E+0,2.40203E-5,3.16434E-5,4.15834E-5,5.47794E-5,7.20197E-5,9.47708E-5,1.24936E-4
3.58586E+0,2.40502E-5,3.16824E-5,4.16314E-5,5.48503E-5,7.21124E-5,9.48998E-5,1.25107E-4
3.63636E+0,2.40801E-5,3.17215E-5,4.16805E-5,5.49225E-5,7.22136E-5,9.50379E-5,1.25287E-4
3.68687E+0,2.41121E-5,3.17596E-5,4.17373E-5,5.49795E-5,7.23023E-5,9.51487E-5,1.25458E-4
3.73737E+0,2.41379E-5,3.17927E-5,4.17870E-5,5.50574E-5,7.23948E-5,9.52704E-5,1.25607E-4
3.78788E+0,2.41630E-5,3.18310E-5,4.18347E-5,5.51183E-5,7.24737E-5,9.53840E-5,1.25761E-4
3.83838E+0,2.41911E-5,3.18653E-5,4.18865E-5,5.51877E-5,7.25664E-5,9.55115E-5,1.25937E-4
3.88889E+0,2.42200E-5,3.18991E-5,4.19363E-5,5.52573E-5,7.26442E-5,9.56292E-5,1.26101E-4
3.93939E+0,2.42669E-5,3.19339E-5,4.19831E-5,5.53153E-5,7.27272E-5,9.57402E-5,1.26263E-4
3.98990E+0,2.55482E-5,3.23631E-5,4.20327E-5,5.53783E-5,7.28082E-5,9.58554E-5,1.26426E-4
4.04040E+0,2.57546E-5,3.38997E-5,4.35945E-5,5.54870E-5,7.28917E-5,9.59781E-5,1.26573E-4
4.09091E+0,2.57807E-5,3.39383E-5,4.46570E-5,5.85091E-5,7.40268E-5,9.60857E-5,1.26740E-4
4.14141E+0,2.58043E-5,3.39743E-5,4.47063E-5,5.89441E-5,7.75278E-5,9.98832E-5,1.26999E-4
4.19192E+0,2.58321E-5,3.40065E-5,4.47592E-5,5.90073E-5,7.76144E-5,1.02229E-4,1.33991E-4
4.24242E+0,2.58540E-5,3.40410E-5,4.48021E-5,5.90724E-5,7.77131E-5,1.02340E-4,1.34935E-4
4.29293E+0,2.58773E-5,3.40750E-5,4.48469E-5,5.91204E-5,7.78057E-5,1.02444E-4,1.35108E-4
4.34343E+0,2.59033E-5,3.41145E-5,4.48888E-5,5.91823E-5,7.78918E-5,1.02571E-4,1.35245E-4
4.39394E+0,2.59275E-5,3.41482E-5,4.49379E-5,5.92414E-5,7.79751E-5,1.02664E-4,1.35409E-4
4.44444E+0,2.59495E-5,3.41826E-5,4.49852E-5,5.93140E-5,7.80586E-5,1.02780E-4,1.35562E-4
4.49495E+0,2.59745E-5,3.42168E-5,4.50251E-5,5.93677E-5,7.81317E-5,1.02877E-4,1.35703E-4
4.54545E+0,2.59997E-5,3.42468E-5,4.50685E-5,5.94311E-5,7.82162E-5,1.02979E-4,1.35865E-4
4.59596E+0,2.60197E-5,3.42750E-5,4.51099E-5,5.94890E-5,7.82934E-5,1.03085E-4,1.36016E-4
4.64646E+0,2.60472E-5,3.43119E-5,4.51548E-5,5.95399E-5,7.83774E-5,1.03185E-4,1.36139E-4
4.69697E+0,2.60671E-5,3.43411E-5,4.51987E-5,5.96024E-5,7.84431E-5,1.03285E-4,1.36284E-4
4.74747E+0,2.60916E-5,3.43701E-5,4.52427E-5,5.96567E-5,7.85226E-5,1.03384E-4,1.36431E-4
4.79798E+0,2.61143E-5,3.44069E-5,4.52792E-5,5.97162E-5,7.85896E-5,1.03484E-4,1.36579E-4
4.84848E+0,2.61347E-5,3.44375E-5,4.53229E-5,5.97675E-5,7.86517E-5,1.03584E-4,1.36728E-4
4.89899E+0,2.61551E-5,3.44666E-5,4.53607E-5,5.98198E-5,7.87295E-5,1.03681E-4,1.36882E-4
4.94949E+0,2.61744E-5,3.44940E-5,4.53885E-5,5.98768E-5,7.87985E-5,1.03778E-4,1.36999E-4
5.00000E+0,2.61970E-5,3.45199E-5,4.54262E-5,5.99266E-5,7.88707E-5,1.03857E-4,1.37120E-4
