x	Usd=5 V	Usd=4.12 V	Usd=3.25 V	Usd=2.37 V	Usd=1.5 V
3	3.37e-08	3.43e-08	3.47e-08	3.51e-08	3.53e-08
3.01	3.5e-08	3.55e-08	3.6e-08	3.64e-08	3.66e-08
3.01	3.63e-08	3.68e-08	3.74e-08	3.77e-08	3.8e-08
3.02	3.76e-08	3.82e-08	3.88e-08	3.91e-08	3.94e-08
3.02	3.89e-08	3.95e-08	4.01e-08	4.05e-08	4.08e-08
3.03	4.04e-08	4.1e-08	4.16e-08	4.2e-08	4.23e-08
3.03	4.19e-08	4.25e-08	4.32e-08	4.36e-08	4.39e-08
3.04	4.33e-08	4.4e-08	4.47e-08	4.51e-08	4.54e-08
3.04	4.49e-08	4.57e-08	4.63e-08	4.68e-08	4.71e-08
3.05	4.66e-08	4.74e-08	4.81e-08	4.85e-08	4.89e-08
3.05	4.83e-08	4.91e-08	4.99e-08	5.04e-08	5.07e-08
3.06	5e-08	5.09e-08	5.16e-08	5.21e-08	5.25e-08
3.06	5.19e-08	5.28e-08	5.36e-08	5.41e-08	5.45e-08
3.07	5.39e-08	5.48e-08	5.56e-08	5.61e-08	5.66e-08
3.07	5.59e-08	5.68e-08	5.77e-08	5.83e-08	5.87e-08
3.08	5.78e-08	5.88e-08	5.97e-08	6.03e-08	6.08e-08
3.08	6e-08	6.1e-08	6.2e-08	6.26e-08	6.31e-08
3.09	6.23e-08	6.33e-08	6.43e-08	6.5e-08	6.55e-08
3.09	6.46e-08	6.57e-08	6.67e-08	6.74e-08	6.79e-08
3.1	6.69e-08	6.8e-08	6.91e-08	6.98e-08	7.04e-08
3.1	6.94e-08	7.06e-08	7.17e-08	7.24e-08	7.3e-08
3.11	7.2e-08	7.33e-08	7.44e-08	7.52e-08	7.58e-08
3.11	7.47e-08	7.61e-08	7.72e-08	7.8e-08	7.87e-08
3.12	7.74e-08	7.88e-08	8e-08	8.08e-08	8.15e-08
3.12	8.03e-08	8.18e-08	8.3e-08	8.39e-08	8.46e-08
3.13	8.34e-08	8.49e-08	8.62e-08	8.71e-08	8.78e-08
3.13	8.65e-08	8.81e-08	8.95e-08	9.04e-08	9.11e-08
3.14	8.96e-08	9.12e-08	9.27e-08	9.36e-08	9.44e-08
3.14	9.3e-08	9.47e-08	9.62e-08	9.72e-08	9.8e-08
3.15	9.65e-08	9.83e-08	9.99e-08	1.01e-07	1.02e-07
3.15	1e-07	1.01e-07	1.03e-07	1.05e-07	1.06e-07
3.16	1.04e-07	1.06e-07	1.08e-07	1.09e-07	1.1e-07
3.16	1.08e-07	1.1e-07	1.12e-07	1.13e-07	1.14e-07
3.17	1.12e-07	1.14e-07	1.16e-07	1.17e-07	1.18e-07
3.17	1.16e-07	1.18e-07	1.2e-07	1.22e-07	1.23e-07
3.18	1.2e-07	1.23e-07	1.25e-07	1.26e-07	1.27e-07
3.18	1.25e-07	1.27e-07	1.3e-07	1.31e-07	1.32e-07
3.19	1.3e-07	1.32e-07	1.34e-07	1.36e-07	1.37e-07
3.19	1.35e-07	1.37e-07	1.4e-07	1.41e-07	1.42e-07
3.2	1.4e-07	1.42e-07	1.45e-07	1.46e-07	1.48e-07
3.2	1.45e-07	1.48e-07	1.5e-07	1.52e-07	1.53e-07
3.21	1.51e-07	1.53e-07	1.56e-07	1.58e-07	1.59e-07
3.21	1.56e-07	1.59e-07	1.62e-07	1.64e-07	1.65e-07
3.22	1.62e-07	1.65e-07	1.68e-07	1.7e-07	1.71e-07
3.22	1.68e-07	1.71e-07	1.74e-07	1.76e-07	1.78e-07
3.23	1.75e-07	1.78e-07	1.81e-07	1.83e-07	1.85e-07
3.23	1.81e-07	1.85e-07	1.88e-07	1.9e-07	1.92e-07
3.24	1.88e-07	1.92e-07	1.95e-07	1.97e-07	1.99e-07
3.24	1.95e-07	1.99e-07	2.03e-07	2.05e-07	2.07e-07
3.25	2.03e-07	2.07e-07	2.1e-07	2.13e-07	2.15e-07
3.25	2.11e-07	2.15e-07	2.19e-07	2.21e-07	2.23e-07
3.26	2.18e-07	2.23e-07	2.27e-07	2.29e-07	2.31e-07
3.26	2.27e-07	2.31e-07	2.35e-07	2.38e-07	2.4e-07
3.27	2.35e-07	2.4e-07	2.44e-07	2.48e-07	2.5e-07
3.27	2.45e-07	2.5e-07	2.53e-07	2.57e-07	2.6e-07
3.28	2.53e-07	2.59e-07	2.63e-07	2.67e-07	2.69e-07
3.28	2.63e-07	2.69e-07	2.73e-07	2.77e-07	2.8e-07
3.29	2.74e-07	2.79e-07	2.84e-07	2.88e-07	2.91e-07
3.29	2.84e-07	2.9e-07	2.94e-07	2.98e-07	3.01e-07
3.3	2.95e-07	3.01e-07	3.05e-07	3.1e-07	3.13e-07
3.3	3.06e-07	3.13e-07	3.17e-07	3.22e-07	3.25e-07
3.31	3.18e-07	3.25e-07	3.3e-07	3.35e-07	3.38e-07
3.31	3.3e-07	3.37e-07	3.42e-07	3.47e-07	3.51e-07
3.32	3.43e-07	3.5e-07	3.55e-07	3.61e-07	3.64e-07
3.32	3.56e-07	3.64e-07	3.69e-07	3.75e-07	3.79e-07
3.33	3.7e-07	3.78e-07	3.84e-07	3.9e-07	3.94e-07
3.33	3.84e-07	3.92e-07	3.98e-07	4.04e-07	4.08e-07
3.34	3.99e-07	4.07e-07	4.14e-07	4.2e-07	4.24e-07
3.34	4.14e-07	4.23e-07	4.3e-07	4.37e-07	4.41e-07
3.35	4.3e-07	4.4e-07	4.47e-07	4.54e-07	4.59e-07
3.35	4.46e-07	4.56e-07	4.64e-07	4.71e-07	4.76e-07
3.36	4.64e-07	4.74e-07	4.82e-07	4.9e-07	4.95e-07
3.36	4.82e-07	4.93e-07	5.01e-07	5.09e-07	5.14e-07
3.37	5.01e-07	5.12e-07	5.21e-07	5.29e-07	5.35e-07
3.37	5.2e-07	5.31e-07	5.4e-07	5.49e-07	5.54e-07
3.38	5.4e-07	5.52e-07	5.62e-07	5.71e-07	5.77e-07
3.38	5.62e-07	5.74e-07	5.84e-07	5.94e-07	5.99e-07
3.39	5.84e-07	5.97e-07	6.07e-07	6.17e-07	6.23e-07
3.39	6.05e-07	6.19e-07	6.3e-07	6.4e-07	6.47e-07
3.4	6.29e-07	6.44e-07	6.55e-07	6.66e-07	6.73e-07
3.4	6.54e-07	6.7e-07	6.81e-07	6.92e-07	6.99e-07
3.41	6.8e-07	6.96e-07	7.08e-07	7.2e-07	7.27e-07
3.41	7.06e-07	7.22e-07	7.35e-07	7.47e-07	7.55e-07
3.42	7.33e-07	7.51e-07	7.64e-07	7.77e-07	7.85e-07
3.42	7.63e-07	7.81e-07	7.95e-07	8.08e-07	8.16e-07
3.43	7.93e-07	8.12e-07	8.26e-07	8.4e-07	8.49e-07
3.43	8.23e-07	8.43e-07	8.58e-07	8.72e-07	8.81e-07
3.44	8.55e-07	8.76e-07	8.92e-07	9.07e-07	9.17e-07
3.44	8.9e-07	9.11e-07	9.28e-07	9.43e-07	9.53e-07
3.45	9.25e-07	9.48e-07	9.65e-07	9.81e-07	9.92e-07
3.45	9.6e-07	9.83e-07	1e-06	1.02e-06	1.03e-06
3.46	9.98e-07	1.02e-06	1.04e-06	1.06e-06	1.07e-06
3.46	1.04e-06	1.06e-06	1.08e-06	1.1e-06	1.11e-06
3.47	1.08e-06	1.11e-06	1.13e-06	1.15e-06	1.16e-06
3.47	1.12e-06	1.15e-06	1.17e-06	1.19e-06	1.2e-06
3.48	1.16e-06	1.19e-06	1.22e-06	1.24e-06	1.25e-06
3.48	1.21e-06	1.24e-06	1.27e-06	1.29e-06	1.3e-06
3.49	1.26e-06	1.29e-06	1.32e-06	1.34e-06	1.35e-06
3.49	1.31e-06	1.34e-06	1.37e-06	1.39e-06	1.41e-06
3.5	1.36e-06	1.39e-06	1.42e-06	1.45e-06	1.46e-06
3.5	1.41e-06	1.45e-06	1.48e-06	1.5e-06	1.52e-06
3.51	1.47e-06	1.51e-06	1.54e-06	1.57e-06	1.58e-06
3.51	1.53e-06	1.57e-06	1.6e-06	1.62e-06	1.64e-06
3.52	1.59e-06	1.63e-06	1.66e-06	1.69e-06	1.71e-06
3.52	1.65e-06	1.7e-06	1.73e-06	1.76e-06	1.78e-06
3.53	1.72e-06	1.76e-06	1.8e-06	1.83e-06	1.85e-06
3.53	1.78e-06	1.83e-06	1.87e-06	1.9e-06	1.92e-06
3.54	1.85e-06	1.9e-06	1.94e-06	1.98e-06	2e-06
3.54	1.93e-06	1.98e-06	2.02e-06	2.06e-06	2.08e-06
3.55	2e-06	2.06e-06	2.1e-06	2.14e-06	2.16e-06
3.55	2.08e-06	2.14e-06	2.18e-06	2.22e-06	2.25e-06
3.56	2.17e-06	2.23e-06	2.27e-06	2.31e-06	2.34e-06
3.56	2.26e-06	2.32e-06	2.37e-06	2.41e-06	2.44e-06
3.57	2.34e-06	2.41e-06	2.46e-06	2.5e-06	2.53e-06
3.57	2.44e-06	2.5e-06	2.56e-06	2.6e-06	2.63e-06
3.58	2.54e-06	2.61e-06	2.66e-06	2.71e-06	2.74e-06
3.58	2.64e-06	2.71e-06	2.77e-06	2.82e-06	2.85e-06
3.59	2.74e-06	2.82e-06	2.87e-06	2.93e-06	2.96e-06
3.59	2.85e-06	2.93e-06	2.99e-06	3.05e-06	3.08e-06
3.6	2.97e-06	3.05e-06	3.11e-06	3.17e-06	3.21e-06
3.6	3.09e-06	3.17e-06	3.24e-06	3.3e-06	3.34e-06
3.61	3.2e-06	3.3e-06	3.37e-06	3.43e-06	3.47e-06
3.61	3.33e-06	3.43e-06	3.5e-06	3.57e-06	3.61e-06
3.62	3.47e-06	3.57e-06	3.65e-06	3.72e-06	3.76e-06
3.62	3.61e-06	3.72e-06	3.8e-06	3.87e-06	3.92e-06
3.63	3.75e-06	3.86e-06	3.94e-06	4.02e-06	4.07e-06
3.63	3.9e-06	4.02e-06	4.1e-06	4.18e-06	4.24e-06
3.64	4.06e-06	4.18e-06	4.27e-06	4.35e-06	4.41e-06
3.64	4.23e-06	4.35e-06	4.45e-06	4.53e-06	4.59e-06
3.65	4.39e-06	4.52e-06	4.62e-06	4.71e-06	4.77e-06
3.65	4.57e-06	4.71e-06	4.81e-06	4.9e-06	4.97e-06
3.66	4.76e-06	4.9e-06	5.01e-06	5.11e-06	5.17e-06
3.66	4.95e-06	5.1e-06	5.21e-06	5.32e-06	5.39e-06
3.67	5.14e-06	5.3e-06	5.42e-06	5.52e-06	5.6e-06
3.67	5.35e-06	5.51e-06	5.64e-06	5.75e-06	5.82e-06
3.68	5.57e-06	5.74e-06	5.87e-06	5.99e-06	6.07e-06
3.68	5.8e-06	5.98e-06	6.11e-06	6.24e-06	6.32e-06
3.69	6.02e-06	6.21e-06	6.35e-06	6.48e-06	6.56e-06
3.69	6.27e-06	6.46e-06	6.61e-06	6.75e-06	6.83e-06
3.7	6.53e-06	6.73e-06	6.89e-06	7.03e-06	7.12e-06
3.7	6.8e-06	7.01e-06	7.17e-06	7.32e-06	7.41e-06
3.71	7.06e-06	7.28e-06	7.45e-06	7.6e-06	7.7e-06
3.71	7.35e-06	7.58e-06	7.76e-06	7.92e-06	8.02e-06
3.72	7.65e-06	7.89e-06	8.08e-06	8.25e-06	8.35e-06
3.72	7.97e-06	8.22e-06	8.41e-06	8.59e-06	8.7e-06
3.73	8.28e-06	8.54e-06	8.74e-06	8.92e-06	9.04e-06
3.73	8.62e-06	8.89e-06	9.1e-06	9.29e-06	9.42e-06
3.74	8.97e-06	9.26e-06	9.48e-06	9.68e-06	9.81e-06
3.74	9.34e-06	9.64e-06	9.87e-06	1.01e-05	1.02e-05
3.75	9.7e-06	1e-05	1.03e-05	1.05e-05	1.06e-05
3.75	1.01e-05	1.04e-05	1.07e-05	1.09e-05	1.11e-05
3.76	1.05e-05	1.09e-05	1.11e-05	1.14e-05	1.15e-05
3.76	1.1e-05	1.13e-05	1.16e-05	1.18e-05	1.2e-05
3.77	1.14e-05	1.18e-05	1.2e-05	1.23e-05	1.25e-05
3.77	1.19e-05	1.22e-05	1.25e-05	1.28e-05	1.3e-05
3.78	1.23e-05	1.28e-05	1.31e-05	1.33e-05	1.35e-05
3.78	1.28e-05	1.33e-05	1.36e-05	1.39e-05	1.41e-05
3.79	1.34e-05	1.38e-05	1.41e-05	1.45e-05	1.47e-05
3.79	1.39e-05	1.44e-05	1.47e-05	1.51e-05	1.53e-05
3.8	1.45e-05	1.5e-05	1.54e-05	1.57e-05	1.59e-05
3.8	1.51e-05	1.56e-05	1.6e-05	1.63e-05	1.65e-05
3.81	1.57e-05	1.62e-05	1.66e-05	1.7e-05	1.72e-05
3.81	1.63e-05	1.69e-05	1.73e-05	1.77e-05	1.79e-05
3.82	1.7e-05	1.76e-05	1.8e-05	1.84e-05	1.87e-05
3.82	1.77e-05	1.83e-05	1.87e-05	1.92e-05	1.94e-05
3.83	1.84e-05	1.9e-05	1.95e-05	2e-05	2.02e-05
3.83	1.92e-05	1.98e-05	2.03e-05	2.08e-05	2.11e-05
3.84	2e-05	2.07e-05	2.12e-05	2.17e-05	2.2e-05
3.84	2.07e-05	2.15e-05	2.2e-05	2.25e-05	2.28e-05
3.85	2.16e-05	2.24e-05	2.29e-05	2.35e-05	2.38e-05
3.85	2.25e-05	2.33e-05	2.39e-05	2.44e-05	2.48e-05
3.86	2.34e-05	2.43e-05	2.49e-05	2.55e-05	2.58e-05
3.86	2.43e-05	2.52e-05	2.59e-05	2.65e-05	2.69e-05
3.87	2.54e-05	2.63e-05	2.7e-05	2.76e-05	2.8e-05
3.87	2.64e-05	2.74e-05	2.81e-05	2.87e-05	2.92e-05
3.88	2.75e-05	2.85e-05	2.93e-05	2.99e-05	3.04e-05
3.88	2.86e-05	2.96e-05	3.04e-05	3.11e-05	3.16e-05
3.89	2.98e-05	3.09e-05	3.17e-05	3.24e-05	3.29e-05
3.89	3.1e-05	3.22e-05	3.3e-05	3.38e-05	3.43e-05
3.9	3.23e-05	3.35e-05	3.44e-05	3.52e-05	3.58e-05
3.9	3.36e-05	3.48e-05	3.58e-05	3.66e-05	3.72e-05
3.91	3.5e-05	3.63e-05	3.73e-05	3.81e-05	3.87e-05
3.91	3.64e-05	3.78e-05	3.88e-05	3.97e-05	4.04e-05
3.92	3.8e-05	3.94e-05	4.05e-05	4.14e-05	4.21e-05
3.92	3.95e-05	4.09e-05	4.2e-05	4.3e-05	4.37e-05
3.93	4.11e-05	4.27e-05	4.38e-05	4.49e-05	4.56e-05
3.93	4.28e-05	4.45e-05	4.57e-05	4.67e-05	4.75e-05
3.94	4.46e-05	4.63e-05	4.76e-05	4.87e-05	4.95e-05
3.94	4.64e-05	4.81e-05	4.95e-05	5.06e-05	5.14e-05
3.95	4.83e-05	5.01e-05	5.15e-05	5.28e-05	5.36e-05
3.95	5.03e-05	5.23e-05	5.37e-05	5.5e-05	5.59e-05
3.96	5.24e-05	5.45e-05	5.6e-05	5.73e-05	5.82e-05
3.96	5.45e-05	5.66e-05	5.82e-05	5.96e-05	6.05e-05
3.97	5.68e-05	5.9e-05	6.06e-05	6.21e-05	6.31e-05
3.97	5.91e-05	6.15e-05	6.32e-05	6.47e-05	6.58e-05
3.98	6.16e-05	6.4e-05	6.58e-05	6.75e-05	6.85e-05
3.98	6.4e-05	6.66e-05	6.84e-05	7.01e-05	7.13e-05
3.99	6.67e-05	6.94e-05	7.13e-05	7.31e-05	7.43e-05
3.99	6.95e-05	7.23e-05	7.43e-05	7.62e-05	7.74e-05
4	7.24e-05	7.53e-05	7.75e-05	7.94e-05	8.07e-05
